Loading files...
Files loaded.
if system_dependent('IsDebugMode')==1, dbstep; end
tab

tab =

   1.0e+05 *

                -Inf   0.275790000000000   0.000024580213904
   0.000020000000000   0.000100000000000   0.000000008912656
   0.000030000000000   0.000770000000000   0.000000068627451
   0.000040000000000   0.006820000000000   0.000000607843137
   0.000050000000000   0.036770000000000   0.000003277183601
   0.000060000000000   0.129260000000000   0.000011520499109
   0.000070000000000   0.304890000000000   0.000027173796791
   0.000080000000000   0.505710000000000   0.000045072192513
   0.000090000000000   0.672300000000000   0.000059919786096
   0.000100000000000   0.991840000000000   0.000088399286988
   0.000110000000000   1.668770000000000   0.000148731729055
   0.000120000000000   2.221300000000000   0.000197976827094
   0.000130000000000   1.926950000000000   0.000171742424242
   0.000140000000000   1.238670000000000   0.000110398395722
   0.000150000000000   0.654980000000000   0.000058376114082
   0.000160000000000   0.319920000000000   0.000028513368984
   0.000170000000000   0.136120000000000   0.000012131907308
   0.000180000000000   0.060440000000000   0.000005386809269
   0.000190000000000   0.027030000000000   0.000002409090909
   0.000200000000000   0.013910000000000   0.000001239750446
   0.000210000000000   0.008590000000000   0.000000765597148
   0.000220000000000   0.005680000000000   0.000000506238859
   0.000230000000000   0.004010000000000   0.000000357397504
   0.000240000000000   0.002880000000000   0.000000256684492
   0.000250000000000   0.001600000000000   0.000000142602496
   0.000260000000000   0.001600000000000   0.000000142602496
   0.000270000000000   0.001010000000000   0.000000090017825
   0.000280000000000   0.000580000000000   0.000000051693405
   0.000290000000000   0.000550000000000   0.000000049019608
   0.000300000000000   0.000330000000000   0.000000029411765
   0.000310000000000   0.000300000000000   0.000000026737968
   0.000320000000000   0.000110000000000   0.000000009803922
   0.000330000000000   0.000140000000000   0.000000012477718
   0.000340000000000   0.000090000000000   0.000000008021390
   0.000350000000000   0.000070000000000   0.000000006238859
   0.000360000000000   0.000040000000000   0.000000003565062
   0.000370000000000   0.000040000000000   0.000000003565062
   0.000400000000000   0.000010000000000   0.000000000891266
   0.000420000000000   0.000010000000000   0.000000000891266
   0.000430000000000   0.000010000000000   0.000000000891266
   0.000440000000000   0.000010000000000   0.000000000891266

if system_dependent('IsDebugMode')==1, dbcont; end
----> Computing DRT = 4... 
----> Computing distances...
----> i = 681... 
----> i = 680... 
----> i = 679... 
----> i = 678... 
----> i = 677... 
----> i = 676... 
----> i = 675... 
----> i = 674... 
----> i = 673... 
----> i = 672... 
----> i = 671... 
----> i = 670... 
----> i = 669... 
----> i = 668... 
----> i = 667... 
----> i = 666... 
----> i = 665... 
----> i = 664... 
----> i = 663... 
----> i = 662... 
----> i = 661... 
----> i = 660... 
----> i = 659... 
----> i = 658... 
----> i = 657... 
----> i = 656... 
----> i = 655... 
----> i = 654... 
----> i = 653... 
----> i = 652... 
----> i = 651... 
----> i = 650... 
----> i = 649... 
----> i = 648... 
----> i = 647... 
----> i = 646... 
----> i = 645... 
----> i = 644... 
----> i = 643... 
----> i = 642... 
----> i = 641... 
----> i = 640... 
----> i = 639... 
----> i = 638... 
----> i = 637... 
----> i = 636... 
----> i = 635... 
----> i = 634... 
----> i = 633... 
----> i = 632... 
----> i = 631... 
----> i = 630... 
----> i = 629... 
----> i = 628... 
----> i = 627... 
----> i = 626... 
----> i = 625... 
----> i = 624... 
----> i = 623... 
----> i = 622... 
----> i = 621... 
----> i = 620... 
----> i = 619... 
----> i = 618... 
----> i = 617... 
----> i = 616... 
----> i = 615... 
----> i = 614... 
----> i = 613... 
----> i = 612... 
----> i = 611... 
----> i = 610... 
----> i = 609... 
----> i = 608... 
----> i = 607... 
----> i = 606... 
----> i = 605... 
----> i = 604... 
----> i = 603... 
----> i = 602... 
----> i = 601... 
----> i = 600... 
----> i = 599... 
----> i = 598... 
----> i = 597... 
----> i = 596... 
----> i = 595... 
----> i = 594... 
----> i = 593... 
----> i = 592... 
----> i = 591... 
----> i = 590... 
----> i = 589... 
----> i = 588... 
----> i = 587... 
----> i = 586... 
----> i = 585... 
----> i = 584... 
----> i = 583... 
----> i = 582... 
----> i = 581... 
----> i = 580... 
----> i = 579... 
----> i = 578... 
----> i = 577... 
----> i = 576... 
----> i = 575... 
----> i = 574... 
----> i = 573... 
----> i = 572... 
----> i = 571... 
----> i = 570... 
----> i = 569... 
----> i = 568... 
----> i = 567... 
----> i = 566... 
----> i = 565... 
----> i = 564... 
----> i = 563... 
----> i = 562... 
----> i = 561... 
----> i = 560... 
----> i = 559... 
----> i = 558... 
----> i = 557... 
----> i = 556... 
----> i = 555... 
----> i = 554... 
----> i = 553... 
----> i = 552... 
----> i = 551... 
----> i = 550... 
----> i = 549... 
----> i = 548... 
----> i = 547... 
----> i = 546... 
----> i = 545... 
----> i = 544... 
----> i = 543... 
----> i = 542... 
----> i = 541... 
----> i = 540... 
----> i = 539... 
----> i = 538... 
----> i = 537... 
----> i = 536... 
----> i = 535... 
----> i = 534... 
----> i = 533... 
----> i = 532... 
----> i = 531... 
----> i = 530... 
----> i = 529... 
----> i = 528... 
----> i = 527... 
----> i = 526... 
----> i = 525... 
----> i = 524... 
----> i = 523... 
----> i = 522... 
----> i = 521... 
----> i = 520... 
----> i = 519... 
----> i = 518... 
----> i = 517... 
----> i = 516... 
----> i = 515... 
----> i = 514... 
----> i = 513... 
----> i = 512... 
----> i = 511... 
----> i = 510... 
----> i = 509... 
----> i = 508... 
----> i = 507... 
----> i = 506... 
----> i = 505... 
----> i = 504... 
----> i = 503... 
----> i = 502... 
----> i = 501... 
----> i = 500... 
----> i = 499... 
----> i = 498... 
----> i = 497... 
----> i = 496... 
----> i = 495... 
----> i = 494... 
----> i = 493... 
----> i = 492... 
----> i = 491... 
----> i = 490... 
----> i = 489... 
----> i = 488... 
----> i = 487... 
----> i = 486... 
----> i = 485... 
----> i = 484... 
----> i = 483... 
----> i = 482... 
----> i = 481... 
----> i = 480... 
----> i = 479... 
----> i = 478... 
----> i = 477... 
----> i = 476... 
----> i = 475... 
----> i = 474... 
----> i = 473... 
----> i = 472... 
----> i = 471... 
----> i = 470... 
----> i = 469... 
----> i = 468... 
----> i = 467... 
----> i = 466... 
----> i = 465... 
----> i = 464... 
----> i = 463... 
----> i = 462... 
----> i = 461... 
----> i = 460... 
----> i = 459... 
----> i = 458... 
----> i = 457... 
----> i = 456... 
----> i = 455... 
----> i = 454... 
----> i = 453... 
----> i = 452... 
----> i = 451... 
----> i = 450... 
----> i = 449... 
----> i = 448... 
----> i = 447... 
----> i = 446... 
----> i = 445... 
----> i = 444... 
----> i = 443... 
----> i = 442... 
----> i = 441... 
----> i = 440... 
----> i = 439... 
----> i = 438... 
----> i = 437... 
----> i = 436... 
----> i = 435... 
----> i = 434... 
----> i = 433... 
----> i = 432... 
----> i = 431... 
----> i = 430... 
----> i = 429... 
----> i = 428... 
----> i = 427... 
----> i = 426... 
----> i = 425... 
----> i = 424... 
----> i = 423... 
----> i = 422... 
----> i = 421... 
----> i = 420... 
----> i = 419... 
----> i = 418... 
----> i = 417... 
----> i = 416... 
----> i = 415... 
----> i = 414... 
----> i = 413... 
----> i = 412... 
----> i = 411... 
----> i = 410... 
----> i = 409... 
----> i = 408... 
----> i = 407... 
----> i = 406... 
----> i = 405... 
----> i = 404... 
----> i = 403... 
----> i = 402... 
----> i = 401... 
----> i = 400... 
----> i = 399... 
----> i = 398... 
----> i = 397... 
----> i = 396... 
----> i = 395... 
----> i = 394... 
----> i = 393... 
----> i = 392... 
----> i = 391... 
----> i = 390... 
----> i = 389... 
